[header]
width=16
height=16
tilewidth=32
tileheight=32
tileset=tilesetdefs/tileset_default.txt
title=Example Map

[tilesets]
tileset=../../../tiled/tiled_collision.png,32,32,0,0
tileset=../../../tiled/tileset.png,32,32,0,0

[layer]
type=background
data=
17,17,17,17,17,17,17,17,17,17,17,17,17,17,17,17,
17,16,16,16,16,16,16,16,16,16,16,16,16,16,16,17,
17,16,16,16,16,16,16,16,16,16,16,16,16,16,16,17,
17,16,16,16,16,16,16,16,16,16,16,16,16,16,16,17,
17,16,16,16,16,16,16,16,16,16,16,16,16,16,16,17,
17,16,16,16,16,16,16,16,16,16,16,16,16,16,16,17,
17,16,16,16,16,16,16,16,16,16,16,16,16,16,16,17,
17,16,16,16,16,16,16,16,16,16,16,16,16,16,16,17,
17,16,16,16,16,16,16,16,16,16,16,16,16,16,16,17,
17,16,16,16,16,16,16,16,16,16,16,16,16,16,16,17,
17,16,16,16,16,16,16,16,16,16,16,16,16,16,16,17,
17,16,16,16,16,16,16,16,16,16,16,16,16,16,16,17,
17,16,16,16,16,16,16,16,16,16,16,16,16,16,16,17,
17,16,16,16,16,16,16,16,16,16,16,16,16,16,16,17,
17,16,16,16,16,16,16,16,16,16,16,16,16,16,16,17,
17,17,17,17,17,17,17,17,17,17,17,17,17,17,17,17

[layer]
type=object
data=
0,0,0,0,0,0,0,0,0,0,0,0,0,0,0,0,
0,0,0,0,0,0,0,0,0,0,0,0,0,0,0,0,
0,0,0,0,0,0,0,0,0,0,0,0,0,0,0,0,
0,0,0,0,0,0,0,0,0,0,0,0,0,0,0,0,
0,0,0,0,0,0,0,0,0,0,0,0,0,0,0,0,
0,0,0,0,0,0,0,0,0,0,0,0,0,0,0,0,
0,0,0,0,0,0,0,0,0,0,0,0,0,0,0,0,
0,0,0,0,0,0,0,0,0,0,0,0,0,0,0,0,
0,0,0,0,0,0,0,0,0,0,0,0,0,0,0,0,
0,0,0,0,0,0,0,0,0,0,0,0,0,0,0,0,
0,0,0,0,0,0,0,0,0,0,0,0,0,0,0,0,
0,0,0,0,0,0,0,0,0,0,0,0,0,0,0,0,
0,0,0,0,0,0,0,0,0,0,0,0,0,0,0,0,
0,0,0,0,0,0,0,0,0,0,0,0,0,0,0,0,
0,0,0,0,0,0,0,0,0,0,0,0,0,0,0,0,
0,0,0,0,0,0,0,0,0,0,0,0,0,0,0,0

[layer]
type=collision
data=
1,1,1,1,1,1,1,1,1,1,1,1,1,1,1,1,
1,2,2,2,2,2,2,2,2,2,2,2,2,2,2,1,
1,2,0,0,0,0,0,0,0,0,0,0,0,0,2,1,
1,2,0,0,0,0,0,0,0,0,0,0,0,0,2,1,
1,2,0,0,0,0,0,0,0,0,0,0,0,0,2,1,
1,2,0,0,0,0,0,0,0,0,0,0,0,0,2,1,
1,2,0,0,0,0,0,0,0,0,0,0,0,0,2,1,
1,2,0,0,0,0,0,0,0,0,0,0,0,0,2,1,
1,2,0,0,0,0,0,0,0,0,0,0,0,0,2,1,
1,2,0,0,0,0,0,0,0,0,0,0,0,0,2,1,
1,2,0,0,0,0,0,0,0,0,0,0,0,0,2,1,
1,2,0,0,0,0,0,0,0,0,0,0,0,0,2,1,
1,2,0,0,0,0,0,0,0,0,0,0,0,0,2,1,
1,2,0,0,0,0,0,0,0,0,0,0,0,0,2,1,
1,2,2,2,2,2,2,2,2,2,2,2,2,2,2,1,
1,1,1,1,1,1,1,1,1,1,1,1,1,1,1,1

